-13.1030
-7.0356
-65.1507
-65.3602
-64.6970
-64.9064
-66.2665
-66.4760
-65.8128
-66.0223
-148.3417
-148.3417
-148.9847
-87.8548
-58.8939
-94.1941
-99.8067
-129.4342
-130.3176
-41.3332
-45.9042
-76.4059
-67.1660
-22.6524
-24.0533
-20.4618
-29.6041
-164.5037
-85.7781
-42.7170
-51.6246
-55.5460
-55.2586
-26.0696
-90.2325
-43.7258
-130.4864
-137.9111
-10.0814
-64.8717
-64.9764
-79.9022
-77.2855
-79.9389
-77.3223
-80.0069
-77.3902
-80.0436
-77.4270
-2.9154
-15.3918
-59.5986
-114.9449
-114.9449
-114.9449
-38.1335
-34.5123
-40.0894
-78.4307
-85.6388
-103.0499
-103.0072
-83.2379
-89.5733
-31.6960
-48.7299
-47.5463
-47.8449
-54.2637
-54.2637
-78.8147
-86.0228
-31.4257
-29.0886
-83.0982
-83.3631
-35.2589
-46.7694
-54.9021
-104.5391
-104.6084
-42.6658
-47.0124
-27.6597
-87.5941
-88.4922
-86.7155
-87.6137
-87.5941
-88.4922
-86.7155
-87.6137
-60.2892
-62.2264
-31.2595
-47.8120
-10.0814
-19.5744
-19.7084
-64.8578
-63.6676
-120.6943
-120.7990
-129.2192
-129.3239
-124.1771
-124.2818
-70.6513
-29.4637
-48.3371
-50.7623
-52.9332
-55.3584
-57.3060
-63.9651
-30.6087
-59.9493
-22.0789
-69.1582
-70.7058
-75.1101
-102.0885
-83.2836
-111.6217
-111.9328
-112.1586
-112.4697
-25.3389
-45.4326
-35.3712
-15.6468
-46.1883
-45.6634
-33.3137
-37.9380
-54.8690
-135.4051
-136.5778
-141.9263
-144.0227
-82.2180
-82.2736
-59.4219
-150.1445
-150.0867
-28.9809
-43.2125
-43.2125
-38.0413
-49.2999
-48.8156
-61.4758
-177.0574
-173.7636
-179.0879
-175.7941
-175.3517
-172.0580
-177.3823
-174.0885
-56.5225
-56.7538
-57.6135
-57.8449
-55.8345
-56.0659
-56.9256
-57.1569
-97.3434
-98.8157
-120.5710
-60.5512
-63.1518
-66.1946
-68.7952
-124.0301
-59.8699
-56.9154
-52.4096
-53.3715
-66.8526
-67.4064
-64.5886
-65.1425
-66.8677
-67.4215
-64.6037
-65.1576
-97.0922
-99.0976
-10.5392
-8.4518
-70.5235
-84.3081
-84.2384
-84.3081
-84.2384
-84.0195
-83.9498
-84.0195
-83.9498
-82.0297
-81.9599
-82.0297
-81.9599
-81.7410
-81.6713
-81.7410
-81.6713
-37.0969
-36.7750
-28.3066
-29.6382
-10.0814
-48.9388
-47.6835
-53.0727
-69.6642
-30.6695
-76.7379
-76.4493
-75.0390
-74.7504
-70.4306
-77.8404
-74.7337
-70.4673
-77.8772
-74.7705
-70.5353
-77.9451
-74.8384
-70.5720
-77.9819
-74.8752
-69.7859
-77.1958
-74.0891
-69.8227
-77.2326
-74.1259
-69.8906
-77.3005
-74.1938
-69.9274
-77.3373
-74.2306
-98.6965
-99.7285
-94.4525
-95.5190
-82.8723
-87.8842
-136.8278
-137.6557
-102.0827
-102.9622
-92.8301
-27.0683
-45.9120
-45.7984
-14.5610
-21.8801
-4.7777
-36.9437
-46.4515
-62.6874
-62.6874
-44.1015
-173.9883
-173.9883
-174.6313
-34.0159
-7.3427
-74.8678
-74.1526
-7.3427
-60.7953
-60.4949
-39.8323
-61.2019
-31.4087
-10.0814
-61.5782
-61.8490
-10.0814
-36.7379
-73.3731
-72.2930
-86.6206
-30.4332
-90.1419
-90.1419
-14.4563
-17.4995
-26.5474
-123.4642
-129.6275
-11.4946
-35.0714
-85.6615
-85.2411
-44.4452
-44.5652
-17.0923
-23.9485
-29.2512
-29.5963
-30.6282
-30.9733
-48.8245
-25.7908
-30.8171
-52.4618
-19.8795
-153.0457
-153.4538
-33.0976
-32.5382
-76.1237
-58.3650
-41.1135
-37.5147
-29.4042
-28.4787
-31.2001
-30.2746
-27.4930
-13.9844
-79.6651
-81.2022
-6.4713
-118.3169
-119.6620
-120.1142
-121.4593
-19.8854
-14.4016
-45.2933
-99.4663
-99.5161
-34.3655
-36.8588
-62.0151
-45.2228
-48.3713
-77.5664
-14.3998
-62.5055
-62.5055
-63.0345
-63.0345
-61.8660
-61.8660
-62.3950
-62.3950
-46.0936
-50.4887
-89.9443
-97.5120
-25.7981
-72.4383
-72.4383
-75.4204
-72.4383
-72.4383
-75.4204
-32.3358
-35.3334
-29.2361
-35.2214
-140.1545
-142.0059
-143.9570
-145.8083
-102.3392
-102.5487
-65.9144
-65.7712
-69.9886
-80.5102
-30.7271
-51.6746
-52.4150
-147.4789
-148.2071
-82.3580
-81.8294
-7.2331
-77.5623
-19.3459
-10.0814
-23.1299
-41.9639
-34.9881
-67.9179
-67.9179
-115.1101
-85.1223
-90.3219
-102.5447
-120.0272
-121.1403
-71.3692
-41.7808
-54.5688
-183.0027
-182.5081
-188.2448
-187.7502
-69.3676
-68.5168
-17.8527
-94.6504
-94.7901
-25.9572
-65.4692
-85.2636
-87.2666
-22.2203
-94.1129
-93.6182
-92.8108
-92.3161
-67.2719
-26.2843
-31.9035
-30.6919
-74.6153
-75.9883
-32.3522
-50.2950
-51.4551
-51.7200
-56.3048
-56.5697
-10.0814
-45.1203
-40.8954
-58.4685
-78.5304
-10.0814
-86.4583
-88.3854
-85.8097
-87.7369
-89.3886
-49.8194
-51.0647
-33.2844
-32.5725
-37.0193
-59.7190
-59.7190
-34.4278
-95.2631
-97.1902
-97.4749
-99.4020
-10.0814
-5.1585
-34.3316
-37.4134
-128.6812
-93.6171
-58.8816
-155.8046
-43.9357
-43.0750
-43.9357
-103.0751
-58.3316
-89.9990
-103.2392
-111.5501
-149.9921
-10.0814
-13.4115
-32.7429
-168.1964
-172.5687
-168.1964
-172.5687
-118.9060
-120.9956
-36.4278
-36.0960
-237.0220
-236.3654
-236.2772
-235.6206
-11.4774
-101.7017
-54.4408
-10.0814
-13.9273
-38.5033
-94.6268
-94.6268
-98.4532
-98.4532
-98.3442
-98.3442
-102.1707
-102.1707
-19.7732
-141.6770
-141.6770
-143.8700
-143.8700
-111.3314
-110.5933
-10.0814
-77.6732
-60.0647
-60.3969
-56.7709
-57.1031
-10.1936
-68.7401
-60.9867
-64.8131
-98.9324
-61.5727
-63.0715
-61.2998
-62.7986
-55.5897
-57.1788
-32.0351
-49.6472
-73.3568
-140.7735
-74.6968
-117.4132
-11.3352
-114.2231
-113.8027
-47.3703
-47.4903
-29.2681
-27.0383
-27.3834
-28.4153
-28.7604
-48.8245
-134.7894
-52.4618
-135.4002
-134.7528
-135.8084
-135.1610
-41.2973
-40.4106
-83.4887
-45.0889
-58.3650
-39.9802
-37.5147
-63.9903
-63.2523
-24.5446
-24.1555
-88.3152
-89.8524
-5.1581
-109.0991
-110.6731
-111.3811
-112.9550
-155.5592
-135.2425
-135.2425
-134.4421
-134.4421
-136.8713
-136.8713
-136.0710
-136.0710
-64.7705
-69.4922
-66.0502
-70.7720
-7.8168
-49.0671
-5.0726
-35.2855
-40.6127
-42.7416
-80.2837
-82.0364
-81.7690
-83.5217
-70.2458
-47.6814
-47.3295
-55.4071
-57.1200
-66.1035
-68.1348
-68.2650
-70.2963
-76.3166
-79.3508
-107.3126
-108.9017
-109.0255
-110.6146
-107.3493
-108.9385
-109.0623
-110.6514
-5.8218
-53.8597
-84.8196
-94.9548
-39.5703
-39.1057
-48.6592
-32.9199
-12.2609
-15.5385
-74.4054
-74.0280
-77.3267
-113.6957
-111.9039
-40.5272
-49.3672
-24.7893
-24.8060
-32.2676
-119.3800
-119.5541
-124.2094
-124.3834
-55.9464
-57.8541
-87.0520
-86.9534
-142.5051
-142.4487
-146.2489
-146.3315
-146.2752
-150.0754
-146.7732
-146.7168
-150.5170
-150.5996
-150.5433
-154.3435
-143.6777
-143.6214
-147.4216
-147.5042
-147.4478
-151.2480
-147.9458
-147.8895
-151.6897
-151.7723
-151.7159
-155.5161
-147.8452
-147.7888
-151.5890
-151.6716
-151.6153
-155.4155
-152.1133
-152.0569
-155.8571
-155.9397
-155.8834
-159.6836
-149.0178
-148.9614
-152.7616
-152.8443
-152.7879
-156.5881
-153.2859
-153.2296
-157.0298
-157.1124
-157.0560
-160.8562
-145.3837
-145.3273
-149.1275
-149.2101
-149.1538
-152.9540
-149.6518
-149.5954
-153.3956
-153.4782
-153.4219
-157.2221
-146.5563
-146.5000
-150.3002
-150.3828
-150.3264
-154.1266
-150.8244
-150.7681
-154.5683
-154.6509
-154.5945
-158.3947
-150.7238
-150.6674
-154.4676
-154.5502
-154.4939
-158.2941
-154.9919
-154.9355
-158.7357
-158.8183
-158.7620
-162.5622
-151.8964
-151.8401
-155.6403
-155.7229
-155.6665
-159.4667
-156.1645
-156.1082
-159.9084
-159.9910
-159.9346
-163.7348
-142.6610
-142.6046
-146.4048
-146.4874
-146.4311
-150.2313
-146.9291
-146.8727
-150.6729
-150.7555
-150.6992
-154.4994
-143.8336
-143.7773
-147.5775
-147.6601
-147.6037
-151.4039
-148.1017
-148.0454
-151.8456
-151.9282
-151.8718
-155.6720
-148.0011
-147.9447
-151.7449
-151.8275
-151.7712
-155.5714
-152.2691
-152.2128
-156.0130
-156.0956
-156.0393
-159.8395
-149.1737
-149.1173
-152.9175
-153.0002
-152.9438
-156.7440
-153.4418
-153.3855
-157.1857
-157.2683
-157.2119
-161.0121
-145.5396
-145.4832
-149.2834
-149.3660
-149.3097
-153.1099
-149.8077
-149.7513
-153.5515
-153.6341
-153.5778
-157.3780
-146.7122
-146.6559
-150.4561
-150.5387
-150.4823
-154.2825
-150.9803
-150.9240
-154.7242
-154.8068
-154.7504
-158.5506
-150.8797
-150.8233
-154.6235
-154.7061
-154.6498
-158.4500
-155.1478
-155.0914
-158.8916
-158.9742
-158.9179
-162.7181
-152.0523
-151.9960
-155.7962
-155.8788
-155.8224
-159.6226
-156.3204
-156.2641
-160.0643
-160.1469
-160.0905
-163.8907
-65.1338
-67.3339
-67.2953
-69.4954
-67.2622
-56.2833
-58.7085
-63.3595
-84.9248
-86.6660
-37.8656
-42.7496
-46.5051
-51.3891
-208.0323
-215.0544
-64.6339
-44.1461
-67.9921
-10.0814
-14.7663
-98.4385
-100.1144
-98.5585
-100.2343
-11.9049
-130.7737
-55.9116
-55.9267
-56.0316
-56.0467
-71.8995
-114.7058
-114.7923
-119.4151
-119.5016
-114.6780
-114.7645
-119.3872
-119.4737
-116.3886
-116.4751
-121.0979
-121.1844
-116.3608
-116.4473
-121.0701
-121.1566
-114.6442
-114.7307
-119.3535
-119.4400
-114.6164
-114.7029
-119.3257
-119.4122
-116.3270
-116.4136
-121.0363
-121.1228
-116.2992
-116.3857
-121.0085
-121.0950
-119.1318
-119.2183
-123.8410
-123.9276
-119.1040
-119.1905
-123.8132
-123.8997
-120.8146
-120.9011
-125.5239
-125.6104
-120.7868
-120.8733
-125.4961
-125.5826
-119.0702
-119.1567
-123.7795
-123.8660
-119.0424
-119.1289
-123.7517
-123.8382
-120.7531
-120.8396
-125.4623
-125.5488
-120.7252
-120.8117
-125.4345
-125.5210
-55.7559
-55.7559
-55.0362
-55.0362
-79.0274
-83.4512
-78.6258
-78.1460
-78.0844
-77.3390
-77.2775
-21.8577
-37.9673
-21.0601
-18.9151
-10.0814
-69.7110
-17.4995
-21.7706
-42.0249
-21.7964
-17.4995
-21.7706
-52.4905
-52.4905
-23.0994
-17.4995
-22.7756
-23.1850
-21.9650
-18.2939
-10.0814
-26.5725
-82.5105
-82.9462
-19.4193
-21.6998
-10.0814
-10.0814
-10.0814
-103.4912
-101.9697
-57.7052
-59.2078
-59.1455
-60.6481
-35.4950
-155.9296
-157.1122
-156.3257
-157.5083
-155.1916
-156.3742
-155.5877
-156.7703
-7.8168
-82.3309
-38.1373
-53.8589
-55.0316
-52.0128
-59.4309
-10.0814
-117.4034
-117.4034
-117.4402
-117.4402
-123.0671
-123.1718
-124.1830
-124.2877
-136.5195
-136.6242
-136.5195
-136.6242
-136.5195
-136.6242
-136.5195
-136.6242
-137.6353
-137.7400
-137.6353
-137.7400
-137.6353
-137.7400
-137.6353
-137.7400
-137.5530
-137.6577
-137.5530
-137.6577
-137.5530
-137.6577
-137.5530
-137.6577
-138.6688
-138.7735
-138.6688
-138.7735
-138.6688
-138.7735
-138.6688
-138.7735
-2.9154
-90.1243
-90.2290
-47.9695
-55.3942
-101.0449
-100.5935
-102.9797
-102.5283
-122.9269
-123.3711
-123.6180
-122.1502
-122.5944
-122.8413
-87.0735
-90.0874
-86.7157
-89.7295
-88.0046
-91.0185
-89.1432
-92.1570
-90.7546
-93.7685
-90.3968
-93.4106
-91.6857
-94.6995
-92.8243
-95.8381
-105.6667
-105.6667
-106.2843
-106.2843
-111.9551
-111.9551
-110.0333
-110.0333
-98.6942
-100.2523
-98.6942
-100.2523
-103.3546
-104.9127
-103.3546
-104.9127
-53.8832
-55.4563
-58.5526
-60.1256
-61.5568
-61.8964
-60.9705
-61.3101
-78.8240
-82.1954
-17.4995
-48.6476
-48.0235
-78.9948
-77.8757
-65.8827
-66.1813
-77.0878
-126.7255
-126.7255
-127.2395
-127.2395
-128.3055
-128.3055
-128.8195
-128.8195
-88.6765
-14.3798
-6.9915
-51.5066
-76.8488
-76.8488
-41.7600
-143.7234
-143.4343
-147.8782
-147.5891
-81.8724
-81.2319
-297.5735
-297.5735
-24.2558
-28.8328
-98.5714
-100.6756
-97.7169
-99.8212
-59.6744
-86.0962
-87.8091
-61.1136
-115.9001
-116.6976
-117.5726
-118.3701
-35.6985
-32.2980
-42.6901
-39.5834
-56.9798
-58.6556
-56.5313
-33.9488
-52.3575
-56.4385
-42.0385
-54.6728
-57.6100
-64.9854
-68.7857
-77.3424
-53.6835
-53.6835
-103.1419
-34.7229
-41.2856
-38.1789
-24.0090
-186.4735
-187.8631
-190.9816
-192.3712
-19.4767
-77.3391
-80.4140
-26.3114
-29.4526
-26.4978
-29.6390
-43.4894
-55.8267
-55.7024
-68.7564
-68.0183
-6.2269
-22.0078
-12.4787
-57.7107
-86.2307
-86.7447
-85.8419
-86.3559
-136.1159
-133.7374
-136.8808
-134.5022
-40.6974
-10.0814
-152.2400
-151.9527
-151.9527
-151.6653
-151.5778
-151.2904
-151.2904
-151.0031
-10.0814
-22.0730
-22.2471
-120.8163
-122.5886
-120.8163
-122.5886
-122.2358
-124.0081
-122.2358
-124.0081
-89.5476
-89.1957
-91.2699
-90.9180
-89.4898
-89.1379
-91.2121
-90.8602
-106.1687
-10.0814
-75.2500
-76.6397
-74.9627
-76.3523
-79.5513
-78.1267
-78.9343
-77.5096
-86.9695
-85.5448
-86.3524
-84.9278
-46.4533
-48.0425
-46.4533
-48.0425
-105.6741
-105.8605
-63.2630
-63.2630
-63.2630
-63.2781
-63.2781
-63.2781
-61.5391
-61.5391
-61.5391
-61.5542
-61.5542
-61.5542
-75.8598
-72.9144
-66.4368
-65.2045
-54.0261
-109.4311
-108.5479
-7.7335
-106.6517
-106.2396
-115.1660
-112.7875
-78.7001
-79.3578
-80.5780
-81.2356
-42.1114
-28.1847
-32.0456
-27.4618
-11.8175
-50.2491
-47.8705
-38.6440
-36.0698
-61.1113
-18.3862
-75.1550
-64.2098
-65.1086
-201.9368
-196.5384
-138.7669
-93.4014
-89.1228
-88.9811
-91.7463
-89.1379
-88.9962
-91.7614
-59.5794
-59.1677
-37.2092
-37.2092
-27.3099
-34.7466
-26.8019
-32.8424
-16.1143
-19.5577
-17.2526
-16.4000
-15.1478
-46.5608
-94.2239
-71.4370
-69.3583
-70.3114
-68.2326
-92.4635
-92.2709
-100.7690
-79.2988
-79.2988
-78.9395
-78.9395
-79.3298
-79.3298
-78.9705
-78.9705
-146.0822
-123.0943
-122.9774
-125.0344
-124.9174
-68.5133
-132.7202
-132.9297
-135.1237
-140.3536
-142.5419
-147.7717
-167.2353
-73.3571
-73.3571
-96.4425
-96.4425
-99.4246
-100.0516
-100.0516
-103.0337
-96.6520
-96.6520
-99.6341
-100.2611
-100.2611
-103.2432
-64.9291
-61.4168
-104.8092
-314.5303
-10.0814
-10.0814
-159.5410
-163.6749
-164.2139
-168.3478
-80.3771
-80.3771
-82.6555
-10.9749
-105.4819
-104.8388
-106.5580
-105.9149
-32.7568
-38.0668
-128.0181
-40.5701
-141.1896
-143.4863
-56.4612
-56.4612
-60.6140
-60.6140
-127.0352
-126.3922
-173.3468
-174.7261
-173.4543
-174.8336
-173.0061
-174.3854
-173.1137
-174.4930
-179.2076
-180.5869
-179.3151
-180.6944
-178.8669
-180.2462
-178.9745
-180.3537
-95.9916
-95.9916
-95.9916
-97.6758
-97.6758
-97.6758
-95.0478
-95.0478
-95.0478
-96.7320
-96.7320
-96.7320
-101.9141
-101.9141
-101.9141
-103.5983
-103.5983
-103.5983
-100.9703
-100.9703
-100.9703
-102.6545
-102.6545
-102.6545
-5.8773
-122.5334
-122.7429
-123.6493
-123.8587
-35.3475
-46.0958
-27.2807
-73.4460
-76.7143
-73.4828
-76.7511
-15.4472
-132.3971
-127.7537
-129.2812
-106.9114
-81.3571
-81.3571
-82.0001
-81.3571
-81.3571
-82.0001
-32.9923
-41.1905
-39.0274
-42.5832
-82.9131
-88.8356
-58.7263
-59.8555
-61.5167
-73.7419
-76.0882
-71.7431
-73.2908
-77.2265
-80.9661
-76.6095
-80.3491
-81.6585
-85.3981
-81.0415
-84.7811
-80.8160
-84.5556
-80.1990
-83.9386
-85.2480
-88.9876
-84.6310
-88.3706
-67.1719
-68.0326
-50.5755
-110.0982
-109.4812
-106.8455
-106.2284
-117.0745
-70.2877
-71.4603
-84.0311
-85.6600
-17.7432
-18.2722
-43.3144
-49.2190
-40.2667
-51.5521
-55.1755
-87.3865
-33.3559
-62.5794
-62.5565
-69.4629
-69.4400
-84.9999
-86.7236
-116.6159
-118.1899
-116.6715
-118.2455
-122.5384
-124.1124
-122.5940
-124.1680
-117.0242
-118.5981
-117.0798
-118.6537
-122.9467
-124.5207
-123.0023
-124.5762
-54.4569
-56.3643
-17.4995
-22.8654
-93.9529
-98.7225
-32.9511
-130.1997
-131.7949
-136.2462
-136.8251
-131.2797
-132.8749
-68.1606
-68.1750
-58.5698
-60.9285
-70.1529
-75.3600
-72.5637
-47.8840
-56.2558
-56.2558
-56.3114
-56.3114
-109.1507
-81.2368
-81.1593
-187.7852
-184.5555
-189.5154
-186.2857
-85.1538
-86.1115
-59.8830
-58.0244
-58.6652
-51.5251
-45.0323
-61.7399
-63.7364
-70.3370
-71.5955
-78.2096
-79.8384
-80.9952
-82.6240
-78.2096
-79.8384
-80.9952
-82.6240
-53.7074
-76.1303
-84.5470
-76.3638
-75.6911
-53.6693
-55.2982
-120.3132
-123.7467
-121.9265
-125.3600
-120.3132
-123.7467
-121.9265
-125.3600
-120.3132
-123.7467
-121.9265
-125.3600
-120.3132
-123.7467
-121.9265
-125.3600
-121.0521
-124.4855
-122.6654
-126.0989
-121.0521
-124.4855
-122.6654
-126.0989
-121.0521
-124.4855
-122.6654
-126.0989
-121.0521
-124.4855
-122.6654
-126.0989
-50.7818
-45.2639
-49.0108
-48.4972
-67.4607
-67.5546
-42.6061
-116.1333
-116.1104
-123.0168
-122.9940
-64.2094
-65.0701
-63.3592
-64.2199
-64.4882
-65.9751
-71.9063
-73.3933
-64.4882
-65.9751
-31.4033
-74.7800
-59.3425
-115.3784
-113.9885
-114.9663
-113.5763
-114.0475
-112.6576
-113.6354
-112.2455
-113.8380
-112.4481
-113.4259
-112.0359
-112.5071
-111.1172
-112.0950
-110.7051
-54.0218
-144.5546
-141.2608
-144.6595
-141.3657
-147.9108
-144.6170
-148.0158
-144.7220
-141.4524
-138.1586
-141.5574
-138.2636
-144.8087
-141.5149
-144.9137
-141.6199
-119.5411
-89.5690
-89.0797
-15.4472
-69.5489
-75.4146
-58.2773
-58.1465
-59.8665
-59.7356
-79.6853
-79.7409
-117.0189
-118.6487
-117.0745
-118.7042
-119.5682
-121.1980
-119.6238
-121.2535
-114.1723
-115.8011
-115.7601
-117.3890
-115.7462
-117.3751
-117.3341
-118.9630
-44.2604
-47.1488
-130.3242
-132.7516
-131.1848
-133.6123
-104.4529
-113.3734
-72.0228
-59.9919
-57.5961
-61.2454
-58.8496
-75.9665
-52.3989
-93.0101
-94.6390
-109.9487
-109.7104
-14.9860
-42.3231
-51.7650
-49.6451
-98.6933
-106.1179
-10.0814
-10.0814
-14.0068
-38.8428
-45.5963
-48.2813
-83.9323
-83.9323
-86.9144
-70.2972
-74.5277
-36.0430
-42.9651
-45.7820
-47.3560
-77.3074
-79.6149
-79.1012
-81.4087
-48.5150
-191.3677
-192.5638
-192.9824
-194.1785
-193.8619
-195.0580
-195.4766
-196.6727
-80.3071
-81.4363
-87.7318
-88.8610
-162.9405
-163.6688
-60.3731
-64.8770
-101.9964
-115.2557
-117.0637
-119.1590
-120.9670
-82.7201
-82.6004
-79.9580
-47.8105
-167.6954
-167.6954
-175.1136
-175.1136
-32.4843
-80.8353
-81.3110
-84.5032
-84.9790
-81.9645
-82.4403
-85.6324
-86.1082
-88.2534
-88.7292
-91.9213
-92.3971
-89.3826
-89.8584
-93.0506
-93.5263
-10.1936
-76.1277
-79.6213
-127.8488
-129.6334
-129.6334
-17.4995
-143.1669
-82.0039
-82.1780
-13.7769
-57.8934
-42.1318
-83.5571
-96.4044
-98.7677
-39.5971
-60.1570
-67.2516
-65.2368
-112.5527
-114.3930
-113.1065
-114.9468
-114.8989
-116.7392
-115.4527
-117.2931
-52.2193
-52.2193
-59.6440
-59.6440
-17.4995
-60.9712
-124.2961
-124.2961
-88.4813
-93.4938
-115.7824
-122.6454
-125.6669
-13.9265
-31.1912
-35.1661
-80.3257
-80.3257
-84.0696
-82.6047
-82.6047
-86.3485
-54.7969
-54.0001
-75.4163
-80.6549
-46.8866
-41.8659
-49.2902
-44.2695
-61.2383
-5.5087
-30.0202
-52.8294
-101.8297
-98.1596
-104.1086
-100.4385
-93.5244
-95.8033
-72.0633
-66.3793
-66.4103
-73.8040
-73.8349
-52.0987
-40.5000
-80.2269
-145.4645
-145.2728
-43.7083
-45.1730
-50.5680
-52.1775
-54.7498
-56.3593
-74.3651
-56.4648
-13.6863
-57.9907
-94.1969
-60.9633
-63.1839
-17.4995
-67.0661
-67.0661
-107.9379
-112.6108
-197.8915
-197.8915
-202.9040
-202.9040
-43.7754
-48.2260
-84.8923
-84.5330
-89.0768
-88.7175
-44.5014
-6.2269
-41.3581
-81.2932
-69.7341
-35.2971
-17.4995
-73.7303
-75.3164
-127.0558
-129.4690
-128.6141
-131.0273
-131.7287
-134.1419
-133.2870
-135.7002
-129.1634
-131.5765
-130.7216
-133.1348
-133.8362
-136.2494
-135.3945
-137.8077
-127.0558
-129.4690
-128.6141
-131.0273
-131.7287
-134.1419
-133.2870
-135.7002
-129.1634
-131.5765
-130.7216
-133.1348
-133.8362
-136.2494
-135.3945
-137.8077
-127.4957
-129.9088
-129.0540
-131.4671
-132.1685
-134.5817
-133.7268
-136.1400
-129.6032
-132.0164
-131.1615
-133.5747
-134.2761
-136.6893
-135.8344
-138.2476
-127.4957
-129.9088
-129.0540
-131.4671
-132.1685
-134.5817
-133.7268
-136.1400
-129.6032
-132.0164
-131.1615
-133.5747
-134.2761
-136.6893
-135.8344
-138.2476
-31.2734
-65.6317
-67.3960
-117.0683
-119.4145
-58.7444
-92.0323
-92.0740
-92.4914
-92.5331
-31.8533
-139.1337
-139.5735
-91.9531
-92.2459
-92.3930
-92.6858
-14.2867
-31.9541
-42.4863
-47.9027
-50.2489
-35.0689
-55.8869
-73.8897
-84.6931
-81.4634
-85.9865
-82.7568
-16.0214
-65.2731
-50.7007
-53.3502
-69.8909
-74.8681
-80.5181
-82.9432
-84.3346
-86.7597
-119.9385
-119.9385
-101.0978
-102.9086
-106.2452
-108.0560
-96.5970
-98.4078
-101.7444
-103.5552
-71.5897
-71.5897
-71.5897
-101.1219
-64.4893
-10.0814
-10.0814
-30.0580
-94.0075
-96.8959
-53.6092
-35.4568
-72.1095
-71.3415
-52.4093
-32.6868
-94.5477
-42.0520
-46.6383
-43.9429
-44.0260
-103.2776
-55.7421
-57.2223
-58.8852
-60.3653
-59.7674
-61.2476
-62.9105
-64.3906
-54.7126
-94.8499
-52.0805
-23.8713
-49.4023
-74.9624
-73.9069
-76.0916
-75.0361
-76.4445
-75.3890
-77.5737
-76.5182
-92.8797
-87.2824
-89.3295
-89.2461
-91.2932
-89.6397
-91.6868
-91.6033
-93.6505
-48.7203
-50.4207
-41.6350
-43.9812
-42.0950
-42.0950
-44.3351
-44.3351
-83.3068
-46.1255
-32.6501
-55.4388
-79.7021
-58.0134
-57.8890
-59.4630
-59.3386
-4.9731
-78.8584
-79.3080
-91.4865
-91.3695
-55.7777
-56.3067
-7.6715
-80.0021
-80.5311
-77.7120
-78.2410
-79.2802
-79.8092
-76.9901
-77.5191
-91.9831
-177.7775
-180.7039
-177.7775
-180.7039
-92.1224
-93.8637
-20.3957
-310.9071
-312.0235
-317.9292
-319.0456
-307.6133
-308.7297
-314.6354
-315.7518
-310.9627
-312.0791
-317.9847
-319.1012
-307.6689
-308.7853
-314.6909
-315.8074
-311.3374
-312.4538
-318.3594
-319.4759
-308.0436
-309.1600
-315.0656
-316.1821
-311.3929
-312.5094
-318.4150
-319.5315
-308.0992
-309.2156
-315.1212
-316.2376
-12.9847
-133.1191
-32.0735
-48.4448
-45.5871
-28.1431
-76.6421
-33.4427
-32.4905
-32.4905
-37.6579
-41.8796
-52.7422
-83.4070
-83.7200
-75.9002
-78.4197
-36.9470
-30.2318
-138.7532
-144.1228
-34.5381
-37.5449
-78.9646
-80.4447
-80.1372
-81.6174
-78.9646
-80.4447
-80.1372
-81.6174
-67.3103
-66.7376
-33.8887
-12.8431
-47.6007
-51.1022
-64.9229
-70.4929
-64.5874
-70.1574
-52.2957
-53.9245
-182.6762
-185.6813
-182.7130
-185.7181
-182.8773
-185.8824
-182.9141
-185.9192
-181.1400
-184.1451
-181.1768
-184.1818
-181.3411
-184.3462
-181.3778
-184.3829
-182.6762
-185.6813
-182.7130
-185.7181
-182.8773
-185.8824
-182.9141
-185.9192
-181.1400
-184.1451
-181.1768
-184.1818
-181.3411
-184.3462
-181.3778
-184.3829
-182.6762
-185.6813
-182.7130
-185.7181
-182.8773
-185.8824
-182.9141
-185.9192
-181.1400
-184.1451
-181.1768
-184.1818
-181.3411
-184.3462
-181.3778
-184.3829
-182.6762
-185.6813
-182.7130
-185.7181
-182.8773
-185.8824
-182.9141
-185.9192
-181.1400
-184.1451
-181.1768
-184.1818
-181.3411
-184.3462
-181.3778
-184.3829
-109.8803
-104.4325
-110.0002
-104.5524
-110.1272
-104.6794
-110.2471
-104.7993
-108.1175
-102.6697
-108.2375
-102.7897
-108.3644
-102.9166
-108.4844
-103.0366
-79.1424
-79.1424
-79.1424
-79.1424
-78.5561
-78.5561
-78.5561
-78.5561
-72.8713
-53.4640
-53.4640
-54.9509
-54.9509
-52.9516
-54.9539
-92.7280
-69.9392
-68.8424
-72.8872
-71.7904
-67.8577
-66.7609
-70.3853
-69.2885
-71.0637
-69.9669
-74.0116
-72.9148
-68.9821
-67.8854
-71.5098
-70.4130
-7.8168
-53.3213
-117.5627
-116.0884
-118.4521
-116.9778
-77.2793
-77.2729
-76.5136
-76.5073
-84.7040
-84.6976
-83.9383
-83.9320
-57.4442
-57.7830
-38.5455
-67.2973
-76.9487
-39.6601
-57.6604
-59.6079
-66.9607
-10.7773
-119.0351
-39.6196
-120.8664
-10.0814
-59.1941
-82.2848
-82.4429
-92.4660
-92.5027
-92.4660
-92.5027
-92.4660
-92.5027
-92.4660
-92.5027
-12.7628
-50.6503
-52.1985
-66.9815
-63.3114
-68.1231
-64.4529
-105.4987
-45.8742
-45.3190
-89.2051
-86.5080
-91.5521
-88.8550
-112.4754
-112.2372
-112.3045
-112.0662
-55.8168
-110.5487
-69.5332
-37.4694
-52.1594
-55.6784
-36.7928
-41.7144
-63.7069
-42.3027
-49.5525
-63.0701
-63.0701
-5.2830
-72.8454
-73.6614
-50.5024
-58.6667
-58.0497
-60.2559
-59.6388
-48.2884
-131.7114
-131.7114
-67.3040
-67.3408
-83.0315
-79.1409
-85.4632
-81.5725
-39.5586
-46.2485
-46.5995
-99.0909
-102.7614
-98.1106
-101.7812
-49.0265
-49.0265
-40.4071
-40.4071
-42.7658
-42.7658
-38.6833
-36.1003
-48.6019
-10.1795
-69.9217
-66.3200
-73.7381
-18.6076
-13.5002
-89.4878
-73.2745
-72.0698
-55.9698
-68.4471
-73.3308
-85.0509
-90.3054
-84.4339
-89.6884
-92.4756
-97.7301
-91.8586
-97.1131
-54.0703
-55.4776
-59.6109
-61.0183
-51.9454
-135.1358
-50.4348
-52.3189
-53.5851
-55.4692
-65.6390
-89.6490
-101.7357
-81.7541
-81.6978
-85.4980
-89.1788
-89.1225
-92.9227
-46.4349
-46.1880
-68.2146
-67.5976
-61.2597
-61.2597
-63.6184
-63.6184
-60.1073
-60.1073
-62.4660
-62.4660
-39.0885
-3.8387
-70.0977
-72.7651
-163.4740
-163.4740
-168.4296
-168.4296
-154.2184
-154.5957
-161.6733
-162.0507
-161.6430
-162.0204
-169.0979
-169.4753
-83.5100
-82.4105
-80.8248
-58.7801
-57.6242
-59.6257
-58.4699
-60.1449
-58.9891
-59.2243
-58.0685
-46.4543
-46.2073
-122.6770
-121.1433
-8.1003
-36.5334
-36.7429
-141.1206
-142.2364
-51.6725
-50.5757
-52.3767
-51.2799
-64.0685
-74.9543
-2.9154
-99.3229
-99.3229
-101.3715
-101.3715
-123.6687
-124.4682
-123.7628
-124.5623
-125.4810
-126.2805
-125.5751
-126.3746
-149.3476
-144.8333
-148.8436
-144.3006
-70.0686
-36.2726
-74.0070
-74.0070
-77.6257
-77.6257
-74.0631
-74.0631
-77.6818
-77.6818
-75.8400
-75.8400
-79.4587
-79.4587
-75.8961
-75.8961
-79.5149
-79.5149
-166.8317
-166.2147
-167.7724
-167.1554
-168.4195
-167.8025
-169.3603
-168.7432
-167.1274
-166.5104
-168.0681
-167.4511
-168.7152
-168.0982
-169.6560
-169.0390
-169.0454
-168.4284
-169.9862
-169.3691
-170.6333
-170.0162
-171.5740
-170.9570
-169.3412
-168.7241
-170.2819
-169.6649
-170.9290
-170.3120
-171.8698
-171.2527
-166.2208
-165.6038
-167.1615
-166.5445
-167.8086
-167.1916
-168.7494
-168.1323
-166.5165
-165.8995
-167.4572
-166.8402
-168.1043
-167.4873
-169.0451
-168.4281
-168.4345
-167.8175
-169.3752
-168.7582
-170.0224
-169.4053
-170.9631
-170.3461
-168.7302
-168.1132
-169.6710
-169.0540
-170.3181
-169.7010
-171.2588
-170.6418
-170.9941
-170.3771
-171.9348
-171.3178
-172.5819
-171.9649
-173.5227
-172.9057
-171.2898
-170.6728
-172.2306
-171.6135
-172.8777
-172.2606
-173.8184
-173.2014
-173.2078
-172.5908
-174.1486
-173.5316
-174.7957
-174.1786
-175.7364
-175.1194
-173.5035
-172.8865
-174.4443
-173.8273
-175.0914
-174.4744
-176.0322
-175.4151
-170.3832
-169.7661
-171.3239
-170.7069
-171.9710
-171.3540
-172.9118
-172.2947
-170.6789
-170.0619
-171.6197
-171.0026
-172.2668
-171.6497
-173.2075
-172.5905
-172.5969
-171.9799
-173.5377
-172.9206
-174.1848
-173.5677
-175.1255
-174.5085
-172.8926
-172.2756
-173.8334
-173.2163
-174.4805
-173.8634
-175.4212
-174.8042
-35.2473
-10.0814
-10.0814
-13.5660
-28.6140
-30.7718
-29.0230
-31.1808
-93.3502
-92.2311
-86.4849
-89.3138
-92.5235
-93.7188
-94.2323
-95.4276
-69.3680
-71.4252
-17.1660
-40.7416
-40.3212
-23.7981
-98.5051
-103.2145
-102.2056
-231.9102
-232.3748
-234.9568
-235.4214
-231.9814
-232.4460
-235.0281
-235.4927
-231.3244
-231.7890
-234.3710
-234.8356
-231.3956
-231.8602
-234.4422
-234.9068
-231.9253
-232.3899
-234.9720
-235.4366
-231.9966
-232.4612
-235.0432
-235.5078
-231.3395
-231.8041
-234.3861
-234.8507
-231.4107
-231.8753
-234.4573
-234.9219
-231.3271
-231.7917
-234.3737
-234.8383
-231.3983
-231.8629
-234.4449
-234.9095
-230.7412
-231.2058
-233.7879
-234.2525
-230.8124
-231.2770
-233.8591
-234.3237
-231.3422
-231.8068
-234.3888
-234.8534
-231.4134
-231.8780
-234.4600
-234.9246
-230.7563
-231.2209
-233.8030
-234.2676
-230.8275
-231.2921
-233.8742
-234.3388
-10.0814
-79.8224
-77.3836
-310.3399
-312.5069
-311.3224
-313.4893
-310.4073
-312.5742
-311.3898
-313.5567
-310.7639
-312.9309
-311.7464
-313.9134
-310.8313
-312.9983
-311.8138
-313.9808
-310.1472
-312.3142
-311.1297
-313.2967
-310.2146
-312.3816
-311.1971
-313.3640
-310.5713
-312.7382
-311.5537
-313.7207
-310.6386
-312.8056
-311.6211
-313.7881
-312.1341
-314.3010
-313.1165
-315.2835
-312.2014
-314.3684
-313.1839
-315.3509
-312.5581
-314.7251
-313.5406
-315.7076
-312.6255
-314.7924
-313.6080
-315.7749
-311.9414
-314.1083
-312.9239
-315.0908
-312.0088
-314.1757
-312.9912
-315.1582
-312.3654
-314.5324
-313.3479
-315.5149
-312.4328
-314.5998
-313.4153
-315.5822
-309.7290
-311.8960
-310.7115
-312.8784
-309.7964
-311.9633
-310.7789
-312.9458
-310.1530
-312.3200
-311.1355
-313.3025
-310.2204
-312.3874
-311.2029
-313.3699
-309.5363
-311.7033
-310.5188
-312.6858
-309.6037
-311.7707
-310.5862
-312.7531
-309.9604
-312.1273
-310.9428
-313.1098
-310.0277
-312.1947
-311.0102
-313.1772
-311.5232
-313.6901
-312.5056
-314.6726
-311.5905
-313.7575
-312.5730
-314.7400
-311.9472
-314.1142
-312.9297
-315.0966
-312.0146
-314.1815
-312.9971
-315.1640
-311.3305
-313.4974
-312.3130
-314.4799
-311.3979
-313.5648
-312.3803
-314.5473
-311.7545
-313.9215
-312.7370
-314.9040
-311.8219
-313.9889
-312.8044
-314.9713
-87.3366
-87.6015
-89.7405
-90.0053
-96.9244
-97.1893
-99.3283
-99.5931
-87.4272
-87.6921
-89.8311
-90.0959
-97.0150
-97.2799
-99.4189
-99.6837
-140.6719
-140.4336
-142.6075
-142.3692
-141.6339
-141.3956
-143.5695
-143.3312
-74.9240
-25.0230
-119.3468
-127.1300
-81.3535
-84.3163
-60.8609
-20.9404
-47.1590
-48.8983
-68.0260
-72.2113
-113.2358
-113.1991
-120.2579
-120.2211
-109.9044
-109.8676
-116.9264
-116.8897
-145.1165
-145.2391
-146.2410
-146.3636
-146.9959
-147.1184
-148.1203
-148.2429
-144.3405
-144.4630
-145.4649
-145.5875
-146.2198
-146.3423
-147.3442
-147.4668
-61.4685
-62.6945
-62.7567
-63.9827
-74.3373
-75.1382
-105.1566
-107.4641
-154.3980
-153.1977
-159.3214
-158.1211
-57.7599
-55.9925
-101.8947
-103.0095
-21.4070
-125.4218
-125.4218
-125.4218
-122.7569
-122.7569
-122.7569
-24.0091
-68.4590
-62.6452
-64.8484
-88.9637
-90.5770
-12.1841
-77.9528
-77.9528
-82.0632
-128.7883
-127.4518
-127.6460
-126.3095
-40.6949
-93.7564
-93.1091
-78.2336
-78.2704
-35.3097
-35.6548
-48.9254
-5.0726
-98.0800
-194.1983
-197.6786
-192.4364
-195.9168
-195.5652
-199.0456
-193.8033
-197.2837
-197.7326
-201.2130
-195.9707
-199.4511
-199.0996
-202.5799
-197.3377
-200.8180
-196.4915
-199.9718
-194.7296
-198.2099
-197.8584
-201.3388
-196.0965
-199.5769
-200.0258
-203.5061
-198.2639
-201.7442
-201.3927
-204.8731
-199.6308
-203.1112
-194.7522
-198.2325
-192.9902
-196.4706
-196.1191
-199.5994
-194.3572
-197.8375
-198.2865
-201.7668
-196.5246
-200.0049
-199.6534
-203.1338
-197.8915
-201.3719
-197.0453
-200.5257
-195.2834
-198.7637
-198.4122
-201.8926
-196.6503
-200.1307
-200.5796
-204.0600
-198.8177
-202.2981
-201.9466
-205.4269
-200.1847
-203.6650
-133.1319
-51.6596
-54.4640
-67.8977
-69.6919
-63.9376
-65.6024
-67.9657
-69.6305
-170.5384
-170.6431
-170.5384
-170.6431
-156.6014
-157.7758
-156.6014
-157.7758
-31.7041
-37.4637
-38.3119
-79.9742
-79.9226
-82.4968
-82.4452
-45.8736
-47.9208
-45.8887
-47.9359
-164.5244
-165.0095
-121.6642
-126.4984
-121.6642
-126.4984
-70.6456
-73.6039
-106.3813
-108.4098
-106.3813
-108.4098
-106.3813
-108.4098
-106.3813
-108.4098
-110.8668
-110.8668
-72.9779
-73.4487
-73.2037
-73.6745
-72.9779
-73.4487
-73.2037
-73.6745
-80.3693
-80.8401
-80.5951
-81.0659
-80.3693
-80.8401
-80.5951
-81.0659
-151.6057
-156.1272
-151.6424
-156.1639
-151.5518
-156.0733
-151.5886
-156.1101
-109.0969
-110.6224
-41.5791
-32.6896
-44.5575
-46.9097
-46.9698
-64.9614
-64.5333
-39.4418
-33.1293
-36.9543
-35.4378
-39.2627
-44.0655
-44.1688
-48.0292
-17.4995
-23.7258
-31.8480
-28.3466
-20.6555
-42.5390
-22.2411
-71.6725
-76.9793
-71.7772
-77.0840
-71.7772
-77.0840
-71.8819
-77.1887
-50.3539
-49.8526
-56.9104
-101.5554
-102.4325
-104.3501
-103.2640
-104.1410
-106.0587
-57.1405
-58.8491
-79.0535
-75.7597
-84.9760
-81.6822
-27.9166
-50.3147
-50.5409
-54.0747
-18.5172
-22.6990
-89.7439
-88.6065
-84.8029
-62.1952
-6.2269
-17.9614
-19.5796
-28.3158
-28.7248
-30.3677
-30.7767
-163.2479
-78.6404
-79.0494
-78.4344
-78.8434
-78.2599
-78.6689
-78.0539
-78.4628
-80.6924
-81.1014
-80.4864
-80.8953
-80.3118
-80.7208
-80.1058
-80.5148
-47.5522
-49.1960
-49.4785
-51.1223
-10.0814
-10.0814
-26.6081
-54.7672
-49.2940
-51.6544
-51.3459
-53.7064
-89.2315
-90.3309
-89.7131
-90.8125
-10.0814
-10.0814
-184.4101
-184.6750
-97.4696
-96.6188
-49.9153
-4.9731
-10.0814
-10.0814
-10.0814
-67.5723
-68.5695
-54.9737
-57.0208
-137.9878
-138.1533
-138.9592
-139.1247
-137.5964
-137.7619
-138.5678
-138.7333
-143.3705
-143.5360
-144.3419
-144.5074
-142.9791
-143.1446
-143.9505
-144.1160
-38.7241
-47.8978
-37.5692
-10.0814
-10.0814
-26.7732
-35.3564
-39.1821
-10.0814
-10.0814
-21.5027
-10.0814
-10.0814
-10.0814
-144.9052
-149.9835
-146.3686
-151.4469
-147.1542
-152.2325
-148.6175
-153.6958
-101.2070
-103.5146
-48.9497
-48.5609
-31.7472
-51.5022
-57.7916
-30.6166
-65.0366
-42.3798
-44.0086
-24.9101
-31.9537
-28.8471
-37.1119
-37.2860
-10.0814
-10.0814
-10.0814
-87.6709
-89.7840
-32.4688
-63.4796
-61.9002
-64.1356
-62.5562
-42.0997
-42.5293
-48.9618
-49.2694
-49.1564
-49.7542
-32.4628
-36.5150
-71.2988
-71.2050
-69.7244
-71.6507
-62.2389
-46.4051
-81.0903
-81.2102
-81.4739
-81.5938
-75.2738
-6.1515
-78.7533
-10.0814
-10.0814
-34.3201
-100.9853
-102.3749
-36.8488
-36.8488
-60.7317
-53.0973
-33.9864
-26.1033
-38.5365
-42.1012
-124.3763
-4.4810
-27.7883
-10.0814
-10.0814
-18.0443
-43.0430
-42.3049
-48.2094
-22.5042
-10.0814
-10.0814
-50.8539
-58.4320
-55.3254
-96.0805
-98.5199
-96.0805
-98.5199
-54.0763
-10.0814
-10.0814
-10.0814
-96.0959
-96.2006
-115.5849
-115.5227
-44.0296
-199.2755
-10.0814
-10.0814
-10.0814
-91.1924
-91.2971
-91.1924
-91.2971
-71.6059
-71.6059
-120.7951
-120.7951
-64.5048
-55.6971
-24.5686
-48.3163
-6.9461
-56.8740
-57.0835
-33.8639
-19.6869
-102.5991
-10.0814
-18.0246
-29.9847
-43.9568
-44.0767
-50.2590
-31.8516
-31.6380
-22.5111
-41.9393
-33.6812
-105.9090
-104.3266
-75.2010
-39.4983
-10.2416
-25.3976
-93.9778
-94.8644
-94.1873
-95.0739
-64.1911
-64.1911
-64.8341
-61.8311
-61.8311
-62.4742
-34.9964
-78.2220
-78.4333
-47.3548
-93.1161
-91.2542
-2.9867
-37.3573
-10.0814
-10.0814
-21.0242
-74.1270
-74.0521
-80.5495
-80.4746
-37.8587
-42.6009
-90.4908
-73.7468
-75.2190
-79.2379
-81.2850
-93.3458
-21.5419
-67.5111
-17.2966
-99.6964
-99.5961
-39.4134
-67.6824
-119.7374
-74.2063
-36.2916
-117.2581
-84.8183
-70.8812
-59.1392
-57.3338
-61.8178
-39.4627
-54.2814
-49.1816
-50.1813
-52.4036
-67.9297
-50.7888
-38.6839
-51.3268
-99.3185
-99.5279
-122.1881
-120.4082
-122.3976
-120.6177
-37.7410
-23.3776
-113.3613
-112.2190
-85.7348
-22.4329
-139.2810
-75.6890
-104.9604
-104.3037
-104.5555
-103.8988
-46.0197
-45.6582
-63.2842
-63.2842
-119.9731
-117.5357
-119.2851
-116.8477
-119.3164
-116.8790
-118.6285
-116.1910
-102.7639
-30.3981
-46.2393
-44.7308
-46.2393
-44.7308
-46.2393
-44.7308
-46.2393
-44.7308
-46.2393
-44.7308
-46.2393
-44.7308
-46.2393
-44.7308
-46.2393
-44.7308
-14.6426
-102.4328
-99.2031
-102.4328
-99.2031
-48.8511
-74.1739
-76.8787
-70.9442
-73.6490
-93.3191
-90.0894
-6.5833
-62.1542
-43.8058
-48.4986
-57.8551
-65.7099
-67.2991
-48.9938
-64.4962
-10.0814
-50.7807
-48.1007
-50.4641
-141.2400
-61.9215
-68.8163
-70.9236
-63.4382
-62.6569
-7.8168
-89.5080
-46.4407
-127.4313
-128.2648
-95.6417
-10.0814
-86.6980
-67.9386
-75.7640
-81.9688
-48.1154
-51.2701
-8.0291
-26.3861
-62.5837
-68.1377
-68.1377
-53.1257
-81.2527
-119.5981
-123.8915
-132.8604
-132.8604
-26.2228
-56.1198
-91.6316
-93.5667
-59.1075
-60.2501
-59.6365
-60.7791
-71.6865
-72.6837
-47.5496
-51.5060
-104.7312
-105.3629
-42.4589
-42.4589
-104.7983
-112.2165
-86.5039
-94.3955
-101.9921
-54.1388
-64.4607
-70.2025
-70.2025
-77.6241
-77.6241
-68.2607
-68.2607
-69.0423
-78.5091
-32.4196
-10.0814
-66.6637
-62.3179
-52.4957
-52.4957
-53.1388
-65.5696
-67.2315
-72.4522
-74.4018
-58.6247
-55.4920
-60.9066
-60.0734
-68.1076
-74.1916
-70.7004
-44.0002
-61.5645
-5.4973
-72.2305
-60.6764
-57.7309
-64.1882
-61.2427
-61.8062
-58.8607
-65.3180
-62.3725
-58.3217
-84.0798
-80.8501
-71.5672
-67.1413
-67.3508
-70.4921
-70.7016
-67.3153
-67.5248
-70.6662
-70.8757
-51.2529
-54.2048
-90.4979
-90.4979
-103.7993
-103.7993
-108.7960
-108.7960
-103.9173
-103.9173
-108.9139
-108.9139
-102.6942
-102.6942
-107.6909
-107.6909
-102.8122
-102.8122
-107.8089
-107.8089
-31.8050
-34.7771
-38.5144
-45.6110
-47.6681
-76.6955
-55.8886
-57.6924
-59.6466
-103.1674
-100.7889
-102.9345
-100.5559
-7.8168
-36.8511
-72.2556
-74.0220
-71.3892
-105.1237
-108.3834
-105.1793
-108.4389
-46.8388
-41.8429
-78.8628
-78.7496
-40.4583
-51.7430
-81.5147
-82.0825
-55.5603
-52.6012
-52.6012
-112.5245
-79.4197
-79.4197
-48.7078
-74.1148
-24.3120
-72.6221
-72.6221
-75.9315
-74.9785
-49.1921
-55.0768
-40.3137
-19.3073
-81.0583
-49.7037
-79.2477
-76.6647
-78.9591
-76.3761
-65.4685
-56.9863
-62.6296
-47.5683
-64.9356
-62.8568
-62.5253
-60.4466
-69.7589
-67.6802
-67.3487
-65.2699
-57.1814
-40.8940
-46.9827
-51.3360
-34.5047
-11.6189
-34.7367
-14.8419
-202.9077
-202.9077
-208.8302
-208.8302
-29.8632
-10.0814
-61.9173
-22.0023
-25.8034
-20.0965
-29.7142
-90.5762
-90.7857
-14.0179
-29.8632
-14.0179
-29.8632
-11.1081
-28.0135
-14.0179
-30.9233
-14.0179
-25.3545
-14.0179
-30.9233
-5.2751
-22.7314
-89.8993
-115.0596
-113.4477
-118.9893
-39.9221
-122.9554
-154.2466
-70.0623
-38.8494
-10.0814
-52.7924
-44.6120
-44.6120
-48.1226
-98.8841
-33.6671
-36.1034
-183.3656
-32.1614
-105.3993
-101.7292
-36.4657
-43.5425
-43.5425
-175.3581
-51.3246
-52.3323
-54.7575
-162.9561
-164.1887
-162.9561
-164.1887
-31.0107
-42.9078
-51.1591
-71.4968
-103.6359
-110.3901
-123.9974
-40.1882
-15.9021
-40.8663
-81.8584
-80.7161
-98.5649
-159.5888
-163.6617
-159.1891
-163.2619
-41.1340
-98.8863
-98.8863
-78.9447
-78.8929
-124.7582
-105.3312
-103.2787
-68.6355
-102.6777
-91.5916
-154.2189
-153.9806
-51.6533
-136.3703
-137.7540
-178.9722
-175.6784
-175.6784
-172.3846
-66.4123
-66.4491
-92.2722
-93.6826
-99.6269
-56.5006
-60.3457
-125.9700
-125.2073
-125.9700
-125.2073
-131.8925
-131.1298
-131.8925
-131.1298
-25.8286
-81.7085
-86.8951
-87.2913
-84.7817
-85.1778
-84.8612
-10.6842
-82.8386
-39.7211
-72.2771
-61.6117
-106.6369
-107.3936
-10.0814
-27.9020
-25.0144
-66.6643
-65.6282
-61.6117
-38.8456
-10.0814
-76.3399
-76.9218
-28.0724
-10.0814
-32.5975
-66.6643
-31.3873
-51.5775
-31.8760
-37.4567
-57.4023
-56.8590
-10.0814
-12.5438
-13.3092
-50.8248
-42.5047
-51.7840
-38.4586
-62.2192
-58.0429
-135.9862
-137.4291
-136.0629
-137.5058
-135.8883
-137.3312
-135.9650
-137.4079
-6.3745
-71.0164
-72.3643
-92.4143
-63.2710
-64.1378
-5.3004
-50.8480
-49.0123
-42.7460
-42.7513
-45.2545
-73.7369
-106.4243
-107.0220
-106.7342
-107.3320
-64.3218
-74.0274
-74.2917
-82.9253
-83.1896
-10.0814
-29.5120
-72.8191
-69.5253
-73.2273
-69.9335
-79.1427
-80.8597
-79.1427
-80.8597
-80.1232
-81.8403
-107.5622
-106.4626
-107.8721
-106.7725
-110.4623
-109.3628
-110.7722
-109.6727
-51.8057
-55.5667
-52.7920
-28.4855
-31.1738
-91.9824
-93.3899
-99.4005
-100.8081
-10.0814
-140.2468
-141.0456
-44.5601
-117.1057
-6.6158
-32.6937
-32.9032
-71.7954
-71.9154
-71.3750
-71.4950
-17.3106
-109.3480
-109.3480
-28.1475
-37.7370
-21.8862
-2.9154
-48.9239
-24.6304
-28.8013
-48.1440
-69.2861
-76.8643
-73.7576
-10.0814
-10.0814
-10.0814
-63.8175
-62.8304
-88.7821
-89.8815
-89.4421
-90.5416
-10.0814
-10.0814
-10.0814
-36.6758
-73.8277
-98.0211
-104.3887
-101.2820
-57.7291
-56.4294
-43.2492
-51.0331
-10.0814
-26.2865
-53.0779
-58.8087
-55.7020
-25.1609
-31.8690
-28.7624
-60.8099
-71.7945
-38.8691
-82.3851
-62.2977
-70.9220
-52.9355
-43.5840
-43.5871
-87.1599
-87.1599
-70.0515
-33.0893
-28.9033
-36.7538
-100.7844
-101.3383
-103.0264
-103.5802
-82.7867
-58.8241
-58.8241
-58.8241
-68.6938
-70.2677
-68.7305
-70.3045
-72.5822
-70.6173
-44.9271
-75.5669
-96.2640
-10.0814
-25.3496
-104.9604
-107.5097
-79.2003
-84.0285
-79.4098
-84.2380
-74.0745
-50.0989
-50.8810
-58.6730
-56.0541
-56.1309
-58.5213
-58.5980
-67.2672
-67.3872
-52.1646
-10.0814
-15.9297
-43.6756
-42.9287
-13.0280
-20.6062
-17.4995
-50.1398
-47.2546
-47.2546
-47.2546
-47.2546
-25.9507
-93.2760
-90.4013
-13.9138
-10.0814
-81.6385
-6.9915
-33.6873
-53.3384
-82.1446
-82.2140
-83.9851
-84.0544
-73.6308
-71.5226
-89.5516
-68.5557
-56.9680
-56.5477
-44.1331
-113.2419
-114.2739
-112.6310
-113.6630
-5.0726
-21.7517
-22.0394
-47.1297
-87.8590
-89.5659
-66.7290
-67.1586
-71.3880
-71.8175
-54.2672
-46.2719
-46.2719
-88.4345
-10.0814
-19.0626
-51.7582
-113.2332
-26.9710
-28.0667
-39.9220
-11.5058
-30.9451
-10.0814
-10.0814
-16.6192
-52.5569
-32.8237
-34.7790
-10.0814
-10.0814
-35.6234
-33.3975
-10.0814
-44.9846
-10.0814
-20.3046
-12.5072
-76.9673
-76.9824
-36.2889
-41.6871
-10.0814
-10.0814
-10.0814
-47.1086
-46.7198
-10.0814
-10.0814
-21.4926
-10.0814
-68.6147
-69.5934
-54.7005
-54.1259
-49.9781
-77.0871
-91.0478
-91.5236
-91.0478
-91.5236
-16.0408
-37.7393
-58.1582
-91.9157
-21.2017
-86.0390
-45.6845
-6.1515
-51.4194
-56.2269
-68.7590
-71.7892
-10.0814
-14.1878
-64.6710
-66.2731
-67.2203
-68.8224
-51.4706
-22.3428
-10.0814
-25.0112
-56.6425
-35.3587
-27.1588
-54.9989
-40.8298
-47.9802
-28.6807
-22.3428
-10.0814
-43.6317
-109.2840
-109.5153
-21.6706
-21.6706
-14.2525
-17.4995
-14.9247
-10.0814
-23.9395
-10.0814
-17.4995
-12.7385
-15.7801
-40.3573
-39.6693
-6.4713
-34.2487
-30.7469
-64.3842
-64.3842
-67.3663
-60.1108
-10.0814
-63.2937
-66.4731
-10.0814
-15.6544
-33.7942
-130.6208
-10.0814
-34.7693
-104.0109
-28.4288
-70.6544
-30.0692
-35.1178
-112.1173
-34.5251
-43.3729
-41.6012
-59.6682
-53.0842
-5.4973
-67.4613
-72.4788
-72.6529
-103.4992
-104.6719
-44.3006
-64.1780
-56.7471
-56.5002
-56.9212
-56.6743
-119.1945
-123.2044
-46.7355
-46.4886
-70.7012
-70.7322
-70.8059
-70.8369
-118.3805
-75.6397
-77.9216
-50.4961
-57.9207
-44.5248
-37.5512
-88.0572
-86.1193
-23.6062
-49.3683
-49.3834
-51.1377
-51.1528
-79.8934
-79.8934
-79.2055
-79.2055
-81.4538
-81.4538
-80.7659
-80.7659
-81.3653
-81.3653
-80.6773
-80.6773
-82.9257
-82.9257
-82.2377
-82.2377
-82.5133
-83.9686
-79.1247
-58.3466
-49.5913
-6.2269
-48.8902
-80.5831
-82.9963
-82.3473
-84.7605
-64.4627
-66.8759
-52.0049
-53.0998
-53.6447
-54.7396
-37.2946
-56.5475
-101.0902
-101.9689
-107.4723
-108.3510
-103.6065
-104.4852
-109.9885
-110.8672
-33.5652
-69.1522
-105.3587
-104.8363
-78.8716
-75.2015
-81.8788
-78.2087
-83.6602
-79.9901
-86.6674
-82.9972
-81.2179
-77.5478
-84.2250
-80.5549
-86.0064
-82.3363
-89.0136
-85.3435
-71.1116
-95.2437
-62.6786
-63.8361
-73.3239
-73.4798
-24.8933
-86.3321
-74.9714
-26.9951
-129.7941
-107.0815
-26.6956
-20.7393
-50.0594
-10.6193
-87.8602
-91.0031
-52.2363
-14.7729
-106.7289
-110.0339
-96.7328
-79.4552
-72.9562
-20.1410
-24.8432
-63.2932
-69.2002
-59.9621
-61.8554
-31.6334
-39.0581
-54.9270
-10.5167
-42.6567
-6.2269
-65.0876
-303.7893
-310.5326
-10.0814
-10.0814
-64.7341
-65.4623
-131.1873
-131.1873
-131.5433
-131.5433
-140.4654
-45.9768
-38.8363
-35.6066
-39.9655
-36.7358
-194.5399
-196.0881
-194.5399
-196.0881
-193.9229
-195.4711
-193.9229
-195.4711
-55.2256
-55.4351
-54.6086
-54.8181
-150.4183
-149.7268
-11.3913
-141.8910
-143.0050
-48.5715
-52.5162
-64.5157
-52.8162
-4.9547
-13.4495
-80.1988
-112.4228
-113.0885
-114.4835
-116.2291
-21.8437
-21.8437
-234.3886
-38.8795
-164.8991
